<?xml version="1.0"?>
<opencv_storage>
<DAVIS346_00000001>
  <camera_matrix type_id="opencv-matrix">
    <rows>3</rows>
    <cols>3</cols>
    <dt>d</dt>
    <data>
      3.2574233667078187e+02 0. 1.8995981420309113e+02 0.
      3.2448681409922506e+02 1.3302112679302820e+02 0. 0. 1.</data></camera_matrix>
  <distortion_coefficients type_id="opencv-matrix">
    <rows>5</rows>
    <cols>1</cols>
    <dt>d</dt>
    <data>
      -5.0988248926174751e-01 3.7791765945879258e-01
      4.1823634590021511e-03 -2.0329329422596669e-03
      -1.8773108214934181e-01</data></distortion_coefficients>
  <image_width>346</image_width>
  <image_height>260</image_height></DAVIS346_00000001>
<use_fisheye_model>0</use_fisheye_model>
<type>camera</type>
<pattern_width>5</pattern_width>
<pattern_height>4</pattern_height>
<pattern_type>circlesGrid</pattern_type>
<board_width>5</board_width>
<board_height>4</board_height>
<square_size>5.</square_size>
<calibration_error>9.5963739791001729e-02</calibration_error>
<calibration_time>"Wed Apr 30 17:15:45 2025"</calibration_time>
</opencv_storage>
